path_forimage = F:\work\project\23032801_T4051\jpg
num_image = 3
scale_image = {0.027951640998,0.027946660806,0.096135651354}
workpath = E:\work_path_exe
is_light = {0,0,1}
scale = {2,2,1}
paraments = {{21,7,7,800,400000,3,128,800};{21,7,7,800,400000,3,128,1000};{7,130,1000}}
ROI = ((920,990),(15763,16368))